44943
533992
334521
15035
539651
390061
14139
613099
467342
9290
8382
180345
290015
103938
228933
139567
513
12637
36713
152795
372455
458723
474569
9080
590575
250567
333385
135672
429858
221123
532312
615077
275515
424825
44347
100420
218337
306342
562036
431108
30077
251934
469696
22434
187
493065
2666
98357
639531
408501
360348
572999
487297
3981
16263
35113
11322
15362
22855
17687
600008
24
10096
549053
717108
523777
526973
62838
340102
11596
333339
51828
692250
556695
388569
329243
9451
316727
83796
311324
513584
253
41402
295151
30632
429200
106121
37406
675467
558691
36016
298312
53061
165567
271110
689995
404368
430128
401442
14017
273181
266159
77064
410596
114187
368702
727832
514420
3132
12233
87496
1901
6024
465914
14034
10660
14831
50014
193823
245859
256749
170255
236190
502721
471853
12763
4379
22803
1554
9395
521755
429807
117784
142644
666384
42314
31174
2428
31579
47553
355730
13885
28292
541574
88803
744
50765
18621
17831
378088
9820
1738
512200
83899
492611
12230
38262
470044
353070
38073
19157
382809
38322
60420
12658
503616
712110
522938
308504
448447
12093
82881
438747
401847
458991
336313
10187
342878
13991
9489
520452
508237
9087
395925
21173
891
695476
406994
9388
61400
347629
42212
272422
358236
425
278154
416494
275094
539572
46338
87824
438674
4688
21469
23847
113080
263422
554115
119464
961
42888
36950
38408
11458
410554
542181
262338
20829
16619
6217
9430
520765
50546
14047
64682
515248
14462
256952
13455
49674
61168
42401
26273
588640
459992
133790
141052
74998
17317
14362
395992
5289
9549
39781
655785
676285
39271
514701
42987
491247
40247
9593
454283
15379
10117
49530
122906
36819
70027
33107
617784
582683
601265
358026
299536
10431
10592
15276
72387
125316
532616
626119
14578
530349
515042
175574
1634
136797
316023
340197
71859
429192
11635
10947
454293
1584
17654
414091
650769
356303
614206
250480
561230
524369
10035
546630
520946
334532
47799
253251
285245
246400
334304
253944
34819
60126
19405
87903
149376
166577
146223
42942
48277
34211
271327
63973
19027
24983
86230
17336
445629
22309
22994
103409
83734
693163
628982
45612
13360
56418
98064
697219
508033
33763
33781
722768
113149
57837
70086
332215
144
70638
1539
700722
147580
119430
187017
64688
13968
10158
113279
97274
646663
17436
721856
43768
96888
107528
32511
471859
21141
9716
412595
298583
661437
28736
580571
552497
12
866
127380
711
976
10021
338100
481156
497328
35583
102092
185273
27996
21006
56706
51268
292011
2323
179111
66599
33831
205481
160196
338967
451955
9594
9405
452068
579091
508648
429524
527641
381356
24559
122917
11472
422412
219706
390215
285460
128322
280718
369855
487474
53923
43930
129509
340856
446378
8764
1825
284296
585354
485811
413576
131631
19974
336007
66834
62522
86401
54379
316835
1588
467248
11942
18128
699351
566242
4513
377492
534075
348611
425921
2605
695
318846
11966
510366
356134
708737
468116
14813
51052
563710
14292
50506
24739
78698
617
10657
10029
37708
437375
241259
371738
397422
109020
17124
45671
440472
671583
58244
11354
509411
459350
64183
51881
629886
579607
705095
15993
52131
638499
80753
440468
513829
378666
61420
210719
610290
664917
421622
61684
664250
655273
723177
61280
49597
3594
12094
186
716667
384592
661245
306824
295648
183294
433043
547588
6976
511347
683857
522642
167179
3536
10155
167733
1103
11025
4960
76544
340275
369230
22786
424781
4913
522369
21635
11638
1879
212007
146390
11676
492613
13092
405775
106646
10673
323377
252066
451364
613524
221337
728125
85595
70558
13006
19167
280217
373879
44728
79082
41179
11309
87502
82657
527642
11866
10204
15503
20334
39233
17431
10497
560050
26337
77583
45371
262692
543042
112200
9090
367350
54790
456086
11574
56555
18287
460321
840
532
325173
638782
439145
568037
665236
19871
26750
360378
8992
128479
71447
344402
429476
73262
19277
2028
36670
12103
20309
462317
34928
264711
240672
427681
225565
567608
133736
13493
61192
583903
13061
41759
33278
557287
2057
40507
38500
25153
468033
126755
581630
33066
13166
174751
14114
510069
99780
277273
45418
11082
59435
34028
38178
137113
714
664297
565391
456048
508933
86305
21836
565
96936
10320
120
79120
8491
172631
333344
180296
539196
32634
55059
347757
443009
619730
161326
3291
521777
105864
13341
12626
6440
23479
195024
158800
529894
12309
223702
1415
384682
517855
398181
19016
223901
513295
18874
120949
39887
78331
482088
474231
28150
19753
67409
66133
234301
190138
54313
187693
186579
127451
154452
580698
459045
111005
387912
398173
293572
464655
466344
86528
129996
436708
309886
518452
354861
229065
141229
43454
205256
13667
41823
157099
13778
467967
267294
592416
403330
16435
54793
85556
37834
602
32856
600735
394535
337405
14976
54005
398177
64678
434178
551321
551215
11364
46186
264763
80035
77016
70214
228967
8414
628
534338
1544
19724
470878
26723
13374
44470
434389
410214
37738
3558
43318
36738
189270
430682
45610
18671
714571
565490
116783
342193
465706
341097
447028
175079
21661
508791
22178
25190
119482
75384
321843
303497
701568
14447
18031
429101
27807
216898
192062
289271
41815
548875
525919
673773
599523
43939
15105
284293
585244
134132
523463
51389
189471
1646
288980
38884
12506
393447
597364
585044
512952
426060
41316
82617
82360
394689
14308
22682
181330
54161
490335
409340
242606
383535
31428
22100
14736
10474
483306
184080
2005
75674
30963
88954
648579
25394
48806
82708
2820
561777
359786
16023
9473
17352
34130
180
367524
259124
361074
67978
296418
296419
68737
622963
618355
646071
89325
9526
39934
41763
585311
31965
62441
9829
21641
511014
857
41280
9403
18835
1368
369972
458737
273610
79468
374597
44718
493066
244580
66122
55725
397442
13476
10483
323677
9896
51620
13260
8703
298723
62156
430619
406962
1645
21711
656375
508101
64559
430005
490462
344484
287079
524251
75656
291805
448095
550986
226800
438424
57609
5717
110122
356298
451877
67660
99861
57800
270771
333106
254259
576564
86556
459591
705576
31119
501057
432735
309553
726792
75562
15268
121485
268108
11412
462469
73
59
8618
284054
607
578189
497698
37799
236324
506407
11779
9487
38700
140044
449954
308640
522518
378111
49051
1649
148021
148654
240452
434756
215387
604920
640844
486133
37735
624
16899
45174
2085
8393
11648
45658
679828
28446
508947
601980
348666
9331
704231
23908
44895
15020
76072
367153
710741
480836
608176
12912
426249
28704
10684
256431
340945
87311
678906
657512
640198
252614
4959
479455
339396
597049
655808
352026
714931
4939
598413
455625
402224
575048
468705
613412
418773
249060
581557
355190
430030
86828
372411
247309
20962
547955
208771
342191
471604
106830
247614
574636
308063
48457
330982
162931
189027
3525
580917
17680
18653
413836
604196
567609
65946
20697
77801
457042
651134
370178
77953
647920
305019
26842
10207
301355
564149
87588
392440
423101
573086
169917
125558
274480
481849
3936
40950
124019
36257
579205
490563
36717
300802
688091
109099
42602
780
32692
162753
360615
542144
541069
198307
205722
331297
441713
399938
17795
185147
248840
235983
338768
423106
46421
64720
426272
270007
15745
337170
10761
12121
1724
432789
31682
6878
46019
82618
79172
595172
10523
50647
11502
9257
23134
25150
61408
664714
237304
659992
291215
11967
10326
57157
252512
686
199
20236
479776
562
2019
2652
257091
481848
50839
398818
158011
450615
494990
320288
290859
552178
155
457262
64269
23996
647116
695576
635
25196
483
32013
282454
539777
102254
215116
384798
423988
6964
150117
474350
286554
313297
2642
6877
183319
356977
601920
14575
251387
336883
667199
446166
523306
14024
8545
301372
86812
400397
207722
558833
725370
600
9471
298582
442065
545119
445266
370070
439059
50359
154410
39822
237279
54325
25896
9045
241968
652136
150658
76706
30349
47000
9422
30246
45046
19265
144442
232377
451088
9930
552872
59961
112949
450809
266241
393077
615680
475289
524288
256199
499543
714483
343674
396371
80274
445571
612706
9573
10169
14577
274322
198429
9452
709377
105
529485
1891
551806
156235
48988
8043
169219
382475
23202
49524
49110
49207
